# atlas, 13TeV, tracks, displaced vertices and missing energy

Inputfile:
XSect:           0.209594 fb
 Error:          0 fb
MCEvents:        10000
 SumOfWeights:   10000
 SumOfWeights2:  10000
 NormEvents:     6.87468

SR   Sum_W  Sum_W2  Acc     N_Norm   
SR1  4582   4582    0.4582  3.14998  
